00001000 00100010 00000000 00001000
00001000 00100011 00000000 00000100
00000000 01000011 00100000 00000000
01000000 01000011 00101000 00000000
01000100 01100100 00110000 00000000
01001000 10100001 00000000 00000011
10000000 00100000 00111000 00000000
11000000 01000100 11111111 11111100
11000100 01001000 11111111 11111100
00000100 10100010 00101000 00000000
11010000 01100101 11111111 11111110
11101000 00000000 00000000 00001101
11100000 00000000 00000000 00001111
01100000 11100000 01010000 10000000
11100111 11100000 00000000 00000000
10011100 01100010 01011000 00000000
10011100 01000011 01011000 00000000
11111100 00000000 00000000 00000000
